Ring C0-N5-C3-C1-N7-N6 SumAnges=720.00(100.00%) SumDistance=0.0001
LUMO=-0.36874
HOMO=-0.54834
