Ring C1-C0-N7-N5-N6-C2 SumAnges=720.00(100.00%) SumDistance=0.0005
LUMO=-0.14599
HOMO=-0.25821
