LUMO=-0.34798
HOMO=-0.60513
