Ring C0-N5-N3-C1-N6 SumAnges=540.00(100.00%) SumDistance=0.0002
LUMO=-0.42594
HOMO=-0.56259
