LUMO=-0.54428
HOMO=-0.63229
