Ring C0-C1-C3-C5-O7 SumAnges=540.00(100.00%) SumDistance=0.0008
LUMO=-0.13055
HOMO=-0.24013
