Ring C0-C1-C3-O7-C5 SumAnges=540.00(100.00%) SumDistance=0.0003
LUMO=-0.41018
HOMO=-0.52402
