Ring C0-C1-N7-C3-N5 SumAnges=540.00(100.00%) SumDistance=0.0007
LUMO=-0.40348
HOMO=-0.52116
