Ring C0-C5-N3-C1-N7 SumAnges=540.00(100.00%) SumDistance=0.0023
LUMO=-0.40609
HOMO=-0.49568
