LUMO=-0.03975
HOMO=-0.43847
