Ring C2-C1-C0-N9-C4-C3 SumAnges=720.00(100.00%) SumDistance=0.0001
LUMO=-0.11046
HOMO=-0.24737
