Ring C0-C1-C2-C5-C7-N9 SumAnges=720.00(100.00%) SumDistance=0.0012
LUMO=-0.43075
HOMO=-0.45914
