Ring C1-C2-C3-N7-C0-N8 SumAnges=720.00(100.00%) SumDistance=0.0000
LUMO=-0.43495
HOMO=-0.47368
