Ring C4-N0-N1-N3-N2 SumAnges=540.00(100.00%) SumDistance=0.0012
LUMO=-0.47598
HOMO=-0.57268
