Ring C4-N0-N1-N3-N2 SumAnges=540.00(100.00%) SumDistance=0.0003
LUMO=-0.18337
HOMO=-0.32353
