Ring C0-C1-C3-S7-C5 SumAnges=540.00(100.00%) SumDistance=0.0011
LUMO=-0.11643
HOMO=-0.25087
