LUMO=-0.42803
HOMO=-0.43523
