LUMO=-0.31418
HOMO=-0.56885
