Group N2-N1-C0 Distance C-N=1.5896 Distance N-N=1.1702 Angle=123.64
LUMO=-0.06567
HOMO=-0.19185
