Ring C0-C1-N4-N2-C3 SumAnges=540.00(100.00%) SumDistance=0.0000
LUMO=-0.10617
HOMO=-0.23413
