LUMO=-0.46664
HOMO=-0.46545
