LUMO=-0.04846
HOMO=-0.18678
