Ring C0-C3-N1-N5-N6 SumAnges=540.00(100.00%) SumDistance=0.0010
LUMO=-0.44308
HOMO=-0.55362
