Ring C0-N5-N3-C1-N6 SumAnges=540.00(100.00%) SumDistance=0.0008
LUMO=-0.12409
HOMO=-0.29041
