Group N5-N6-C1 Distance C-N=1.4180 Distance N-N=1.1953 Angle=124.90
LUMO=-0.40142
HOMO=-0.43966
