Ring C0-C1-N6-N3-N5 SumAnges=540.00(100.00%) SumDistance=0.0001
LUMO=-0.43411
HOMO=-0.56811
