Ring C2-C1-C0-C5-C4-C3 SumAnges=720.00(100.00%) SumDistance=0.0006
LUMO=-0.12122
HOMO=-0.28202
