Group N4-N3-C0 Distance C-N=1.4893 Distance N-N=1.1032 Angle=178.04
LUMO=-0.30953
HOMO=-0.59087
