LUMO=-0.48659
HOMO=-0.78329
