Ring C0-N3-C1-C5-N7 SumAnges=529.60(98.07%) SumDistance=0.5496
LUMO=-0.40292
HOMO=-0.50868
