Ring C0-C5-N3-C1-N7 SumAnges=540.00(100.00%) SumDistance=0.0007
LUMO=-0.10334
HOMO=-0.24062
