Ring C0-N3-C1-C5-N7 SumAnges=540.00(100.00%) SumDistance=0.0012
LUMO=-0.12927
HOMO=-0.24537
