Ring C0-C1-C2-C5-C7-N9 SumAnges=710.18(98.64%) SumDistance=0.4951
LUMO=-0.38716
HOMO=-0.47647
