Ring C0-C1-N8-C3-C5-N7 SumAnges=720.00(100.00%) SumDistance=0.0007
LUMO=-0.35591
HOMO=-0.52725
