Ring C0-N1-N7-C3-C5 SumAnges=540.00(100.00%) SumDistance=0.0005
LUMO=-0.42426
HOMO=-0.53605
