Ring C0-C1-C3-N5-C7 SumAnges=540.00(100.00%) SumDistance=0.0008
LUMO=-0.10153
HOMO=-0.22317
