Ring C0-C1-C3-C5-N7 SumAnges=529.20(98.00%) SumDistance=0.5921
LUMO=-0.37606
HOMO=-0.48955
