Ring C0-C1-C3-C5-S7 SumAnges=540.00(100.00%) SumDistance=0.0012
LUMO=-0.39521
HOMO=-0.50146
