Group N1-N0-C2 Distance C-N=1.3917 Distance N-N=1.2005 Angle=123.42
LUMO=-0.40014
HOMO=-0.42357
