Ring C0-C1-N4-N2-C3 SumAnges=540.00(100.00%) SumDistance=0.0001
LUMO=-0.36109
HOMO=-0.46693
