Ring C1-N6-C0-N5-C2-N7 SumAnges=720.00(100.00%) SumDistance=0.0005
LUMO=-0.10768
HOMO=-0.24967
