LUMO=-0.34796
HOMO=-0.60511
