LUMO=-0.49672
HOMO=-0.48375
