Ring C0-C1-C3-C5-O7 SumAnges=528.60(97.89%) SumDistance=0.5993
LUMO=-0.40165
HOMO=-0.51432
