Ring C0-C5-N3-C1-N7 SumAnges=540.00(100.00%) SumDistance=0.0012
LUMO=-0.40375
HOMO=-0.50696
