Ring C1-C0-N7-C8-C3-C2 SumAnges=720.00(100.00%) SumDistance=0.0009
LUMO=-0.12712
HOMO=-0.23675
