Ring C0-C1-N8-C3-C5-N7 SumAnges=718.27(99.76%) SumDistance=0.2523
LUMO=-0.43572
HOMO=-0.47325
