Ring C1-C0-N8-C3-N7-C2 SumAnges=720.00(100.00%) SumDistance=0.0001
LUMO=-0.12698
HOMO=-0.26936
