Ring C1-C0-N7-C8-C3-C2 SumAnges=718.35(99.77%) SumDistance=0.2607
LUMO=-0.41646
HOMO=-0.48805
