LUMO=-0.32156
HOMO=-0.58632
