Ring C0-C1-N4-C6-N5-N3 SumAnges=720.00(100.00%) SumDistance=0.0015
LUMO=-0.38984
HOMO=-0.54305
