Ring C0-N5-C3-C1-N7-N6 SumAnges=720.00(100.00%) SumDistance=0.0009
LUMO=-0.41417
HOMO=-0.51822
