Ring C0-C1-N7-N6-C3-N5 SumAnges=720.00(100.00%) SumDistance=0.0008
LUMO=-0.12103
HOMO=-0.23701
