Ring C1-C0-N7-N5-N6-C2 SumAnges=720.00(100.00%) SumDistance=0.0029
LUMO=-0.39315
HOMO=-0.54497
