Group N3-N2-C0 Distance C-N=1.5522 Distance N-N=1.1737 Angle=123.80
LUMO=-0.06562
HOMO=-0.19585
