Ring C0-N3-N5-C1-N6 SumAnges=537.46(99.53%) SumDistance=0.2600
LUMO=-0.44085
HOMO=-0.55832
