Ring C2-C1-C0-C5-C4-C3 SumAnges=717.03(99.59%) SumDistance=0.2471
LUMO=-0.34161
HOMO=-0.42998
