Ring C2-C1-C0-C5-C4-C3 SumAnges=720.00(100.00%) SumDistance=0.0002
LUMO=-0.37581
HOMO=-0.47245
