Ring C2-C1-C0-C5-C4-C3 SumAnges=720.00(100.00%) SumDistance=0.0037
LUMO=-0.42268
HOMO=-0.48992
