Ring C0-N3-C1-N6-N5 SumAnges=540.00(100.00%) SumDistance=0.0016
LUMO=-0.15405
HOMO=-0.28815
