Group N5-N4-C0 Distance C-N=1.4558 Distance N-N=1.1029 Angle=180.00
LUMO=-0.32639
HOMO=-0.68486
