Ring C1-C0-N7-C8-C3-C2 SumAnges=718.87(99.84%) SumDistance=0.2439
LUMO=-0.37779
HOMO=-0.46384
