Ring C0-N1-N7-C3-C5 SumAnges=533.91(98.87%) SumDistance=0.4249
LUMO=-0.41081
HOMO=-0.52881
