Ring C0-C1-C5-N3-N7 SumAnges=540.00(100.00%) SumDistance=0.0017
LUMO=-0.42944
HOMO=-0.52982
