Ring C0-N1-N7-C3-C5 SumAnges=533.88(98.87%) SumDistance=0.4261
LUMO=-0.41082
HOMO=-0.52885
