Ring C0-C1-C5-N3-N7 SumAnges=540.00(100.00%) SumDistance=0.0005
LUMO=-0.11188
HOMO=-0.26702
