Ring C0-N5-C3-C1-C6-N8 SumAnges=720.00(100.00%) SumDistance=0.0003
LUMO=-0.34204
HOMO=-0.54531
