Ring C1-C2-C3-N7-C0-N8 SumAnges=720.00(100.00%) SumDistance=0.0003
LUMO=-0.10234
HOMO=-0.23461
