Ring C0-C1-C3-N5-C7 SumAnges=533.58(98.81%) SumDistance=0.4555
LUMO=-0.36837
HOMO=-0.47735
