LUMO=-0.36764
HOMO=-0.49077
