Ring C0-N5-C3-C1-N7-N6 SumAnges=720.00(100.00%) SumDistance=0.0008
LUMO=-0.11224
HOMO=-0.25995
