Ring C0-C1-C2-N7-N6-N5 SumAnges=720.00(100.00%) SumDistance=0.0016
LUMO=-0.12558
HOMO=-0.24952
