Ring C0-C1-N4-C6-N5-N3 SumAnges=720.00(100.00%) SumDistance=0.0012
LUMO=-0.12699
HOMO=-0.25465
