Ring C0-C1-C2-N7-N6-N5 SumAnges=720.00(100.00%) SumDistance=0.0000
LUMO=-0.42292
HOMO=-0.52125
