Group N3-N2-C0 Distance C-N=1.5442 Distance N-N=1.1033 Angle=178.28
LUMO=-0.29321
HOMO=-0.57373
