Ring C0-N3-N5-C1-N6 SumAnges=540.00(100.00%) SumDistance=0.0021
LUMO=-0.15369
HOMO=-0.29042
