Ring C0-C1-N6-N5-N3 SumAnges=540.00(100.00%) SumDistance=0.0004
LUMO=-0.43198
HOMO=-0.55221
