Ring C0-N3-N5-C1-N6 SumAnges=540.00(100.00%) SumDistance=0.0004
LUMO=-0.45094
HOMO=-0.56518
