Ring C0-C1-N6-N3-N5 SumAnges=540.00(100.00%) SumDistance=0.0006
LUMO=-0.46146
HOMO=-0.56772
