Ring C0-N3-C1-N6-N5 SumAnges=540.00(100.00%) SumDistance=0.0002
LUMO=-0.44567
HOMO=-0.53002
