LUMO=-0.32403
HOMO=-0.65013
