LUMO=-0.06055
HOMO=-0.20674
