Ring C0-C1-C3-O7-C5 SumAnges=534.06(98.90%) SumDistance=0.4382
LUMO=-0.40452
HOMO=-0.50361
