Ring C0-C1-N7-C3-N5 SumAnges=539.97(99.99%) SumDistance=0.0298
LUMO=-0.38965
HOMO=-0.50435
