Ring C2-C1-C0-N9-C4-C3 SumAnges=713.02(99.03%) SumDistance=0.4161
LUMO=-0.38204
HOMO=-0.45745
