LUMO=-0.31135
HOMO=-0.19933
