Ring C0-C1-N8-C3-C5-N7 SumAnges=720.00(100.00%) SumDistance=0.0011
LUMO=-0.10231
HOMO=-0.23281
