Ring C0-N5-C3-C1-C6-N8 SumAnges=720.00(100.00%) SumDistance=0.0019
LUMO=-0.41372
HOMO=-0.51367
