Ring C1-C0-N8-C3-N7-C2 SumAnges=720.00(100.00%) SumDistance=0.0002
LUMO=-0.41331
HOMO=-0.50392
