Ring C0-C1-C3-C5-N7 SumAnges=540.00(100.00%) SumDistance=0.0002
LUMO=-0.37792
HOMO=-0.49689
