Ring C0-C1-C3-C5-S7 SumAnges=529.24(98.01%) SumDistance=0.6611
LUMO=-0.37102
HOMO=-0.49703
